0  	     7,
1  	    36,
2  	    15,
3  	    18,
4  	     5,
5  	     4,
6  	    22,
7  	    27,
8  	    11,
9  	    38,
10 	    42,
11 	    13,
12 	    35,
13 	    32,
14 	    17,
15 	    20,
16 	    19,
17 	     3,
18 	    24,
19 	    33,
20 	    46,
21 	    37,
22 	    21,
23 	    43,
24 	    41,
25 	    28,
26 	    45,
27 	    34,
28 	    26,
29 	     0,
30 	    25,
31 	    29,
32 	     2,
33 	    39,
34 	     6,
35 	    31,
36 	     9,
37 	    14,
38 	    30,
39 	    10,
40 	    40,
41 	    44,
42 	     8,
43 	     3,
44 	    12,
45 	     1,
46 	    16,

permute = [
 7, 36, 15, 18,  5,  4, 22, 27, 11, 38,
42, 13, 35, 32, 17, 20, 19,  3, 24, 33,
46, 37, 21, 43, 41, 28, 45, 34, 26,  0,
25, 29,  2, 39,  6, 31,  9, 14, 30, 10,
40, 44,  8,  3, 12,  1, 16]
permute = np.argsort(permute)
conf_matrix_eval = conf_matrix_eval[permute, permute]